ans =

   3.0948e+02
   8.3361e+01
   1.8665e+02
   1.4052e+02
   4.6557e+01
   1.4128e+02
   1.8908e+01
   1.4400e+02
   4.3543e+01
   1.4566e+01
   1.0577e+01
   2.4041e+02
   9.9547e+00
   5.2212e+01
   5.1291e-01
   1.2340e+01
   2.8141e+01
   3.1446e-01
   1.3336e+01
   2.9045e+01
   9.8508e+00
   4.7380e+02
   1.8173e+01
   2.6910e+01
   9.5018e+00
   5.1248e+02
   1.8228e+02
   4.9656e+01
   2.1585e+02
   5.8308e+02
   1.4884e+00
   3.5959e+01
   1.4723e+02
   3.4207e+00
   4.2806e+01
   2.0815e+01
   1.6945e+01
   1.1511e+01
   1.0235e+02
   3.0221e+01
   3.0977e-01
   1.5300e+01
   2.9003e+01
   5.9565e+00
   4.5317e+01
   1.0947e+00
   2.6355e+01
   3.4003e+00
   6.4069e+01
   1.0361e+00
   4.5568e+01
   3.3841e+00
   1.8391e+01
   2.4981e+01
   2.0258e+00
   2.0195e+00
   6.1286e+00
   2.1199e+01
   1.5701e+01
   2.9312e+01
   2.6723e+01
   5.5174e-01
   3.2145e+02
   1.4530e+02
   2.9084e+02
   2.3865e+01
   3.2996e+01
   6.0457e+01
   1.0349e+00
   4.4066e+02
   4.4621e+01
   1.6208e+01
   1.6343e+00
   1.1163e+01
   7.1862e+00
   8.8078e-02
   1.5089e+01
   3.2506e+01
   4.5598e+01
   4.2337e+00
   2.2995e-01
   4.1702e-02
   4.6051e-01
   5.6904e+01
   2.8554e+01
   1.7990e+01
   4.6214e+01
   8.5924e-01
   2.3104e-02
   7.9603e+00
   3.4044e+00
   1.8455e+01
   5.1882e+01
   3.9478e+00
   2.0892e-02
   8.1995e+01
   3.8075e-01

